    unsorted:	 4.983038435 608908.4027
      sorted:	 4.983038435 608908.4027
